[ASCII 8000Hz, Channels: 1, Samples: 8000, Flags: 1]                          
0 
14868 
26483 
32316 
31101 
23112 
10095 
-5108 
-19183 
-29065 
-32604 
-29036 
-19145 
-5092 
10055 
22997 
30915 
32090 
26272 
14735 
0 
-14720 
-26219 
-31994 
-30792 
-22882 
-9995 
5057 
18992 
28776 
32280 
28747 
18954 
5042 
-9955 
-22768 
-30608 
-31771 
-26010 
-14589 
0 
14574 
25958 
31676 
30486 
22654 
9895 
-5006 
-18803 
-28489 
-31958 
-28461 
-18766 
-4991 
9856 
22541 
30303 
31455 
25752 
14443 
0 
-14429 
-25700 
-31360 
-30182 
-22429 
-9797 
4957 
18616 
28206 
31640 
28178 
18579 
4942 
-9758 
-22317 
-30002 
-31142 
-25495 
-14300 
0 
14285 
25444 
31048 
29882 
22206 
9699 
-4907 
-18431 
-27925 
-31326 
-27897 
-18394 
-4893 
9660 
22095 
29703 
30832 
25242 
14157 
0 
-14143 
-25191 
-30739 
-29585 
-21985 
-9603 
4859 
18248 
27647 
31014 
27620 
18211 
4844 
-9564 
-21875 
-29408 
-30525 
-24991 
-14017 
0 
14003 
24941 
30434 
29290 
21766 
9507 
-4810 
-18066 
-27372 
-30705 
-27345 
-18030 
-4796 
9469 
21658 
29115 
30221 
24742 
13877 
0 
-13863 
-24692 
-30131 
-28999 
-21550 
-9413 
4762 
17886 
27100 
30400 
27073 
17850 
4748 
-9375 
-21442 
-28825 
-29921 
-24496 
-13739 
0 
13725 
24447 
29831 
28710 
21335 
9319 
-4715 
-17708 
-26830 
-30097 
-26803 
-17673 
-4701 
9282 
21229 
28538 
29623 
24252 
13602 
0 
-13589 
-24203 
-29534 
-28425 
-21123 
-9226 
4668 
17532 
26563 
29798 
26537 
17497 
4654 
-9189 
-21017 
-28255 
-29328 
-24011 
-13467 
0 
13453 
23963 
29240 
28142 
20913 
9134 
-4622 
-17358 
-26299 
-29501 
-26273 
-17323 
-4608 
9098 
20808 
27973 
29036 
23772 
13333 
0 
-13320 
-23724 
-28949 
-27862 
-20705 
-9043 
4576 
17185 
26037 
29208 
26011 
17151 
4562 
-9007 
-20601 
-27695 
-28747 
-23535 
-13200 
0 
13187 
23488 
28661 
27584 
20499 
8953 
-4530 
-17014 
-25778 
-28917 
-25752 
-16980 
-4516 
8918 
20396 
27419 
28461 
23301 
13069 
0 
-13056 
-23254 
-28376 
-27310 
-20295 
-8864 
4485 
16845 
25522 
28629 
25496 
16811 
4471 
-8829 
-20193 
-27147 
-28178 
-23069 
-12939 
0 
12926 
23023 
28094 
27038 
20093 
8776 
-4440 
-16677 
-25268 
-28345 
-25243 
-16644 
-4427 
8741 
19992 
26876 
27898 
22840 
12810 
0 
-12797 
-22794 
-27814 
-26769 
-19893 
-8689 
4396 
16511 
25016 
28063 
24991 
16478 
4383 
-8654 
-19794 
-26609 
-27620 
-22612 
-12683 
0 
12670 
22567 
27537 
26503 
19695 
8602 
-4352 
-16347 
-24767 
-27783 
-24743 
-16314 
-4339 
8568 
19597 
26344 
27345 
22387 
12556 
0 
-12544 
-22343 
-27263 
-26239 
-19499 
-8517 
4309 
16184 
24521 
27507 
24496 
16152 
4296 
-8483 
-19402 
-26082 
-27073 
-22165 
-12431 
0 
12419 
22120 
26992 
25978 
19305 
8432 
-4266 
-16023 
-24277 
-27233 
-24253 
-15991 
-4253 
8398 
19208 
25823 
26804 
21944 
12308 
0 
-12295 
-21900 
-26724 
-25720 
-19113 
-8348 
4224 
15864 
24035 
26962 
24011 
15832 
4211 
-8315 
-19017 
-25566 
-26537 
-21726 
-12185 
0 
12173 
21682 
26458 
25464 
18923 
8265 
-4182 
-15706 
-23796 
-26694 
-23772 
-15674 
-4169 
8232 
18828 
25311 
26273 
21509 
12064 
0 
-12052 
-21467 
-26194 
-25210 
-18734 
-8183 
4140 
15549 
23559 
26428 
23536 
15518 
4128 
-8150 
-18641 
-25059 
-26012 
-21295 
-11944 
0 
11932 
21253 
25934 
24959 
18548 
8101 
-4099 
-15395 
-23325 
-26165 
-23302 
-15364 
-4087 
8069 
18455 
24810 
25753 
21084 
11825 
0 
-11813 
-21041 
-25676 
-24711 
-18363 
-8021 
4058 
15242 
23093 
25905 
23070 
15211 
4046 
-7989 
-18272 
-24563 
-25497 
-20874 
-11708 
0 
11696 
20832 
25420 
24465 
18181 
7941 
-4018 
-15090 
-22863 
-25647 
-22840 
-15060 
-4006 
7909 
18090 
24319 
25243 
20666 
11591 
0 
-11579 
-20625 
-25167 
-24222 
-18000 
-7862 
3978 
14940 
22636 
25392 
22613 
14910 
3966 
-7831 
-17910 
-24077 
-24992 
-20460 
-11476 
0 
11464 
20420 
24917 
23981 
17821 
7784 
-3938 
-14791 
-22410 
-25139 
-22388 
-14762 
-3926 
7753 
17732 
23837 
24743 
20257 
11361 
0 
-11350 
-20216 
-24669 
-23742 
-17643 
-7706 
3899 
14644 
22187 
24889 
22165 
14615 
3887 
-7675 
-17555 
-23600 
-24497 
-20055 
-11248 
0 
11237 
20015 
24423 
23506 
17468 
7630 
-3860 
-14498 
-21967 
-24642 
-21945 
-14469 
-3849 
7599 
17381 
23365 
24253 
19856 
11137 
0 
-11125 
-19816 
-24180 
-23272 
-17294 
-7554 
3822 
14354 
21748 
24396 
21726 
14325 
3810 
-7523 
-17208 
-23133 
-24012 
-19658 
-11026 
0 
11015 
19619 
23940 
23040 
17122 
7478 
-3784 
-14211 
-21532 
-24154 
-21510 
-14183 
-3772 
7449 
17036 
22903 
23773 
19463 
10916 
0 
-10905 
-19424 
-23702 
-22811 
-16951 
-7404 
3746 
14070 
21317 
23913 
21296 
14042 
3735 
-7374 
-16867 
-22675 
-23536 
-19269 
-10807 
0 
10797 
19230 
23466 
22584 
16783 
7330 
-3709 
-13930 
-21105 
-23675 
-21084 
-13902 
-3698 
7301 
16699 
22449 
23302 
19077 
10700 
0 
-10689 
-19039 
-23232 
-22359 
-16616 
-7257 
3672 
13791 
20895 
23440 
20874 
13764 
3661 
-7228 
-16533 
-22226 
-23070 
-18887 
-10593 
0 
10583 
18850 
23001 
22137 
16450 
7185 
-3635 
-13654 
-20687 
-23206 
-20667 
-13627 
-3624 
7157 
16368 
22005 
22841 
18699 
10488 
0 
-10477 
-18662 
-22772 
-21917 
-16287 
-7114 
3599 
13518 
20482 
22976 
20461 
13491 
3588 
-7085 
-16205 
-21786 
-22613 
-18513 
-10384 
0 
10373 
18476 
22546 
21699 
16125 
7043 
-3563 
-13383 
-20278 
-22747 
-20257 
-13357 
-3553 
7015 
16044 
21569 
22388 
18329 
10280 
0 
-10270 
-18292 
-22321 
-21483 
-15964 
-6973 
3528 
13250 
20076 
22521 
20056 
13224 
3517 
-6945 
-15885 
-21354 
-22166 
-18147 
-10178 
0 
10168 
18110 
22099 
21269 
15805 
6903 
-3493 
-13118 
-19876 
-22297 
-19856 
-13092 
-3482 
6876 
15726 
21142 
21945 
17966 
10077 
0 
-10067 
-17930 
-21879 
-21057 
-15648 
-6835 
3458 
12988 
19678 
22075 
19659 
12962 
3448 
-6807 
-15570 
-20931 
-21727 
-17787 
-9976 
0 
9966 
17752 
21662 
20848 
15492 
6767 
-3424 
-12859 
-19483 
-21855 
-19463 
-12833 
-3413 
6740 
15415 
20723 
21510 
17610 
9877 
0 
-9867 
-17575 
-21446 
-20640 
-15338 
-6699 
3390 
12731 
19289 
21638 
19269 
12705 
3379 
-6673 
-15262 
-20517 
-21296 
-17435 
-9779 
0 
9769 
17400 
21233 
20435 
15186 
6633 
-3356 
-12604 
-19097 
-21422 
-19078 
-12579 
-3346 
6606 
15110 
20313 
21085 
17262 
9682 
0 
-9672 
-17227 
-21021 
-20232 
-15034 
-6567 
3322 
12479 
18907 
21209 
18888 
12454 
3312 
-6541 
-14959 
-20111 
-20875 
-17090 
-9585 
0 
9576 
17056 
20812 
20030 
14885 
6501 
-3289 
-12354 
-18719 
-20998 
-18700 
-12330 
-3279 
6475 
14811 
19910 
20667 
16920 
9490 
0 
-9480 
-16886 
-20605 
-19831 
-14737 
-6437 
3257 
12232 
18532 
20789 
18514 
12207 
3247 
-6411 
-14663 
-19712 
-20461 
-16751 
-9395 
0 
9386 
16718 
20400 
19634 
14590 
6373 
-3224 
-12110 
-18348 
-20582 
-18330 
-12086 
-3215 
6347 
14517 
19516 
20258 
16585 
9302 
0 
-9293 
-16552 
-20197 
-19438 
-14445 
-6309 
3192 
11989 
18165 
20377 
18147 
11965 
3183 
-6284 
-14373 
-19322 
-20056 
-16420 
-9209 
0 
9200 
16387 
19996 
19245 
14301 
6246 
-3160 
-11870 
-17985 
-20175 
-17967 
-11846 
-3151 
6222 
14230 
19130 
19857 
16256 
9118 
0 
-9109 
-16224 
-19797 
-19053 
-14159 
-6184 
3129 
11752 
17806 
19974 
17788 
11728 
3120 
-6160 
-14088 
-18939 
-19659 
-16095 
-9027 
0 
9018 
16062 
19600 
18864 
14018 
6123 
-3098 
-11635 
-17629 
-19775 
-17611 
-11612 
-3088 
6098 
13948 
18751 
19463 
15934 
8937 
0 
-8928 
-15903 
-19405 
-18676 
-13879 
-6062 
3067 
11519 
17453 
19578 
17436 
11496 
3058 
-6038 
-13809 
-18564 
-19270 
-15776 
-8848 
0 
8839 
15744 
19212 
18490 
13740 
6002 
-3036 
-11405 
-17279 
-19384 
-17262 
-11382 
-3027 
5978 
13672 
18380 
19078 
15619 
8760 
0 
-8751 
-15588 
-19021 
-18306 
-13604 
-5942 
3006 
11291 
17108 
19191 
17090 
11269 
2997 
-5918 
-13536 
-18197 
-18888 
-15464 
-8673 
0 
8664 
15433 
18832 
18124 
13468 
5883 
-2976 
-11179 
-16937 
-19000 
-16920 
-11156 
-2967 
5859 
13401 
18016 
18700 
15310 
8587 
0 
-8578 
-15279 
-18644 
-17944 
-13334 
-5824 
2947 
11068 
16769 
18811 
16752 
11045 
2938 
-5801 
-13268 
-17836 
-18514 
-15157 
-8501 
0 
8493 
15127 
18459 
17765 
13202 
5766 
-2917 
-10957 
-16602 
-18624 
-16585 
-10935 
-2909 
5743 
13136 
17659 
18330 
15007 
8417 
0 
-8408 
-14977 
-18275 
-17588 
-13070 
-5709 
2888 
10848 
16437 
18438 
16420 
10827 
2880 
-5686 
-13005 
-17483 
-18148 
-14857 
-8333 
0 
8325 
14827 
18093 
17413 
12940 
5652 
-2860 
-10740 
-16273 
-18255 
-16257 
-10719 
-2851 
5629 
12876 
17309 
17967 
14709 
8250 
0 
-8242 
-14680 
-17913 
-17240 
-12811 
-5596 
2831 
10634 
16111 
18073 
16095 
10612 
2823 
-5573 
-12748 
-17137 
-17788 
-14563 
-8168 
0 
8160 
14534 
17735 
17069 
12684 
5540 
-2803 
-10528 
-15951 
-17893 
-15935 
-10507 
-2795 
5518 
12621 
16967 
17611 
14418 
8087 
0 
-8079 
-14389 
-17558 
-16899 
-12558 
-5485 
2775 
10423 
15792 
17715 
15776 
10402 
2767 
-5463 
-12495 
-16798 
-17436 
-14275 
-8006 
0 
7998 
14246 
17384 
16731 
12433 
5430 
-2747 
-10319 
-15635 
-17539 
-15619 
-10299 
-2739 
5409 
12371 
16631 
17262 
14133 
7926 
0 
-7919 
-14104 
-17211 
-16564 
-12309 
-5376 
2720 
10217 
15480 
17364 
15464 
10196 
2712 
-5355 
-12248 
-16465 
-17091 
-13992 
-7848 
0 
7840 
13964 
17040 
16399 
12187 
5323 
-2693 
-10115 
-15325 
-17192 
-15310 
-10095 
-2685 
5302 
12126 
16301 
16921 
13853 
7770 
0 
-7762 
-13825 
-16870 
-16236 
-12065 
-5270 
2666 
10014 
15173 
17021 
15158 
9994 
2658 
-5249 
-12005 
-16139 
-16752 
-13715 
-7692 
0 
7685 
13687 
16702 
16075 
11945 
5217 
-2640 
-9915 
-15022 
-16851 
-15007 
-9895 
-2632 
5197 
11886 
15978 
16586 
13578 
7616 
0 
-7608 
-13551 
-16536 
-15915 
-11826 
-5165 
2613 
9816 
14873 
16684 
14858 
9796 
2606 
-5145 
-11767 
-15819 
-16421 
-13443 
-7540 
0 
7532 
13416 
16371 
15756 
11709 
5114 
-2587 
-9718 
-14725 
-16518 
-14710 
-9699 
-2580 
5094 
11650 
15662 
16257 
13310 
7465 
0 
-7457 
-13283 
-16208 
-15599 
-11592 
-5063 
2562 
9622 
14578 
16353 
14563 
9602 
2554 
-5043 
-11534 
-15506 
-16095 
-13177 
-7391 
0 
7383 
13151 
16047 
15444 
11477 
5013 
-2536 
-9526 
-14433 
-16190 
-14419 
-9507 
-2529 
4993 
11420 
15352 
15935 
13046 
7317 
0 
-7310 
-13020 
-15888 
-15291 
-11363 
-4963 
2511 
9431 
14289 
16029 
14275 
9412 
2503 
-4943 
-11306 
-15199 
-15777 
-12916 
-7244 
0 
7237 
12890 
15729 
15138 
11250 
4914 
-2486 
-9337 
-14147 
-15870 
-14133 
-9319 
-2478 
4894 
11194 
15048 
15620 
12788 
7172 
0 
-7165 
-12762 
-15573 
-14988 
-11138 
-4865 
2461 
9244 
14006 
15712 
13992 
9226 
2454 
-4845 
-11082 
-14898 
-15464 
-12660 
-7101 
0 
7094 
12635 
15418 
14839 
11027 
4816 
-2437 
-9152 
-13867 
-15556 
-13853 
-9134 
-2429 
4797 
10972 
14750 
15310 
12534 
7030 
0 
-7023 
-12509 
-15265 
-14691 
-10917 
-4768 
2412 
9061 
13729 
15401 
13715 
9043 
2405 
-4749 
-10863 
-14603 
-15158 
-12410 
-6960 
0 
6953 
12385 
15113 
14545 
10808 
4721 
-2388 
-8971 
-13592 
-15248 
-13579 
-8953 
-2381 
4702 
10755 
14458 
15007 
12286 
6891 
0 
-6884 
-12262 
-14962 
-14400 
-10701 
-4674 
2365 
8882 
13457 
15096 
13444 
8864 
2358 
-4655 
-10648 
-14314 
-14858 
-12164 
-6822 
0 
6816 
12140 
14813 
14257 
10594 
4627 
-2341 
-8793 
-13323 
-14946 
-13310 
-8776 
-2334 
4609 
10542 
14172 
14710 
12043 
6754 
0 
-6748 
-12019 
-14666 
-14115 
-10489 
-4581 
2318 
8706 
13191 
14797 
13178 
8689 
2311 
-4563 
-10437 
-14031 
-14564 
-11923 
-6687 
0 
6681 
11899 
14520 
13975 
10385 
4536 
-2295 
-8619 
-13059 
-14650 
-13046 
-8602 
-2288 
4518 
10333 
13891 
14419 
11804 
6621 
0 
-6614 
-11781 
-14376 
-13835 
-10281 
-4491 
2272 
8534 
12929 
14504 
12917 
8516 
2265 
-4473 
-10230 
-13753 
-14275 
-11687 
-6555 
0 
6548 
11664 
14233 
13698 
10179 
4446 
-2249 
-8449 
-12801 
-14360 
-12788 
-8432 
-2243 
4428 
10128 
13616 
14133 
11571 
6490 
0 
-6483 
-11548 
-14091 
-13561 
-10078 
-4402 
2227 
8365 
12673 
14217 
12661 
8348 
2220 
-4384 
-10027 
-13480 
-13993 
-11456 
-6425 
0 
6419 
11433 
13951 
13427 
9977 
4358 
-2205 
-8281 
-12547 
-14075 
-12535 
-8265 
-2198 
4340 
9928 
13346 
13853 
11342 
6361 
0 
-6355 
-11319 
-13812 
-13293 
-9878 
-4314 
2183 
8199 
12422 
13935 
12410 
8183 
2176 
-4297 
-9829 
-13213 
-13716 
-11229 
-6298 
0 
6291 
11206 
13674 
13161 
9780 
4272 
-2161 
-8117 
-12299 
-13797 
-12287 
-8101 
-2155 
4254 
9731 
13082 
13579 
11117 
6235 
0 
-6229 
-11095 
-13538 
-13030 
-9683 
-4229 
2140 
8037 
12177 
13659 
12164 
8020 
2133 
-4212 
-9634 
-12952 
-13444 
-11006 
-6173 
0 
6167 
10984 
13404 
12900 
9586 
4187 
-2118 
-7957 
-12055 
-13523 
-12043 
-7941 
-2112 
4170 
9538 
12823 
13310 
10897 
6112 
0 
-6106 
-10875 
-13270 
-12772 
-9491 
-4145 
2097 
7877 
11935 
13389 
11923 
7862 
2091 
-4129 
-9443 
-12695 
-13178 
-10788 
-6051 
0 
6045 
10767 
13138 
12645 
9396 
4104 
-2076 
-7799 
-11817 
-13256 
-11805 
-7783 
-2070 
4088 
9350 
12569 
13047 
10681 
5991 
0 
-5985 
-10660 
-13007 
-12519 
-9303 
-4063 
2056 
7721 
11699 
13124 
11687 
7706 
2049 
-4047 
-9256 
-12444 
-12917 
-10575 
-5931 
0 
5925 
10554 
12878 
12394 
9210 
4023 
-2035 
-7645 
-11583 
-12993 
-11571 
-7629 
-2029 
4007 
9164 
12320 
12788 
10470 
5872 
0 
-5866 
-10449 
-12750 
-12271 
-9119 
-3983 
2015 
7568 
11467 
12864 
11456 
7553 
2009 
-3967 
-9073 
-12197 
-12661 
-10365 
-5814 
0 
5808 
10345 
12623 
12149 
9028 
3943 
-1995 
-7493 
-11353 
-12736 
-11342 
-7478 
-1989 
3927 
8983 
12076 
12535 
10262 
5756 
0 
-5750 
-10242 
-12497 
-12028 
-8938 
-3904 
1975 
7419 
11240 
12609 
11229 
7404 
1969 
-3888 
-8894 
-11956 
-12410 
-10160 
-5698 
0 
5693 
10140 
12373 
11908 
8849 
3865 
-1955 
-7345 
-11128 
-12484 
-11117 
-7330 
-1950 
3850 
8805 
11837 
12287 
10059 
5642 
0 
-5636 
-10039 
-12250 
-11790 
-8761 
-3827 
1936 
7272 
11018 
12359 
11007 
7257 
1930 
-3811 
-8717 
-11719 
-12165 
-9959 
-5586 
0 
5580 
9939 
12128 
11672 
8674 
3788 
-1917 
-7199 
-10908 
-12236 
-10897 
-7185 
-1911 
3773 
8631 
11603 
12043 
9860 
5530 
0 
-5524 
-9840 
-12007 
-11556 
-8588 
-3751 
1898 
7128 
10800 
12115 
10789 
7113 
1892 
-3736 
-8545 
-11487 
-11924 
-9762 
-5475 
0 
5469 
9742 
11888 
11441 
8502 
3713 
-1879 
-7057 
-10692 
-11994 
-10681 
-7043 
-1873 
3699 
8460 
11373 
11805 
9665 
5420 
0 
-5415 
-9645 
-11770 
-11327 
-8418 
-3676 
1860 
6987 
10586 
11875 
10575 
6973 
1854 
-3662 
-8376 
-11260 
-11688 
-9568 
-5367 
0 
5361 
9549 
11653 
11215 
8334 
3640 
-1841 
-6917 
-10480 
-11757 
-10470 
-6903 
-1836 
3625 
8292 
11148 
11571 
9473 
5313 
0 
-5308 
-9454 
-11537 
-11103 
-8251 
-3604 
1823 
6848 
10376 
11640 
10366 
6835 
1818 
-3589 
-8210 
-11037 
-11456 
-9379 
-5260 
0 
5255 
9360 
11422 
10993 
8169 
3568 
-1805 
-6780 
-10273 
-11524 
-10263 
-6767 
-1800 
3554 
8128 
10927 
11342 
9286 
5208 
0 
-5203 
-9267 
-11308 
-10883 
-8087 
-3532 
1787 
6713 
10171 
11409 
10160 
6699 
1782 
-3518 
-8047 
-10818 
-11229 
-9193 
-5156 
0 
5151 
9175 
11196 
10775 
8007 
3497 
-1769 
-6646 
-10069 
-11296 
-10059 
-6633 
-1764 
3483 
7967 
10710 
11117 
9102 
5105 
0 
-5100 
-9084 
-11084 
-10668 
-7927 
-3462 
1752 
6580 
9969 
11183 
9959 
6567 
1746 
-3449 
-7888 
-10604 
-11007 
-9011 
-5054 
0 
5049 
8993 
10974 
10562 
7848 
3428 
-1734 
-6514 
-9870 
-11072 
-9860 
-6501 
-1729 
3414 
7809 
10498 
10897 
8921 
5004 
0 
-4999 
-8904 
-10865 
-10456 
-7770 
-3394 
1717 
6449 
9772 
10962 
9762 
6436 
1712 
-3380 
-7732 
-10394 
-10789 
-8833 
-4954 
0 
4949 
8815 
10757 
10352 
7693 
3360 
-1700 
-6385 
-9675 
-10853 
-9665 
-6372 
-1695 
3347 
7655 
10291 
10682 
8745 
4905 
0 
-4900 
-8727 
-10650 
-10249 
-7616 
-3327 
1683 
6322 
9578 
10745 
9569 
6309 
1678 
-3313 
-7578 
-10188 
-10575 
-8658 
-4856 
0 
4851 
8640 
10544 
10147 
7541 
3293 
-1666 
-6259 
-9483 
-10638 
-9473 
-6246 
-1661 
3280 
7503 
10087 
10470 
8572 
4807 
0 
-4803 
-8555 
-10439 
-10046 
-7466 
-3261 
1650 
6196 
9389 
10532 
9379 
6184 
1645 
-3248 
-7428 
-9986 
-10366 
-8486 
-4760 
0 
4755 
8469 
10335 
9946 
7391 
3228 
-1633 
-6135 
-9295 
-10427 
-9286 
-6123 
-1628 
3215 
7354 
9887 
10263 
8402 
4712 
0 
-4708 
-8385 
-10232 
-9848 
-7318 
-3196 
1617 
6074 
9203 
10323 
9193 
6062 
1612 
-3183 
-7281 
-9789 
-10161 
-8318 
-4665 
0 
4661 
8302 
10130 
9750 
7245 
3164 
-1601 
-6013 
-9111 
-10221 
-9102 
-6001 
-1596 
3152 
7209 
9691 
10059 
8236 
4619 
0 
-4614 
-8219 
-10029 
-9653 
-7173 
-3133 
1585 
5953 
9020 
10119 
9011 
5942 
1580 
-3120 
-7137 
-9595 
-9959 
-8154 
-4573 
0 
4568 
8137 
9930 
9556 
7102 
3102 
-1569 
-5894 
-8931 
-10018 
-8922 
-5882 
-1564 
3089 
7066 
9499 
9860 
8072 
4527 
0 
-4523 
-8056 
-9831 
-9461 
-7031 
-3071 
1554 
5836 
8842 
9919 
8833 
5824 
1549 
-3059 
-6996 
-9405 
-9762 
-7992 
-4482 
0 
4478 
7976 
9733 
9367 
6961 
3040 
-1538 
-5778 
-8754 
-9820 
-8745 
-5766 
-1533 
3028 
6926 
9311 
9665 
7913 
4438 
0 
-4433 
-7897 
-9636 
-9274 
-6892 
-3010 
1523 
5720 
8667 
9722 
8658 
5709 
1518 
-2998 
-6857 
-9219 
-9569 
-7834 
-4394 
0 
4389 
7818 
9540 
9182 
6823 
2980 
-1508 
-5663 
-8580 
-9625 
-8572 
-5652 
-1503 
2968 
6789 
9127 
9474 
7756 
4350 
0 
-4346 
-7740 
-9445 
-9090 
-6755 
-2950 
1493 
5607 
8495 
9530 
8487 
5596 
1488 
-2939 
-6721 
-9036 
-9379 
-7679 
-4307 
0 
4302 
7663 
9351 
9000 
6688 
2921 
-1478 
-5551 
-8411 
-9435 
-8402 
-5540 
-1473 
2909 
6655 
8946 
9286 
7602 
4264 
0 
-4260 
-7587 
-9258 
-8910 
-6621 
-2892 
1463 
5496 
8327 
9341 
8319 
5485 
1459 
-2880 
-6588 
-8857 
-9194 
-7527 
-4221 
0 
4217 
7512 
9166 
8822 
6555 
2863 
-1448 
-5441 
-8244 
-9248 
-8236 
-5430 
-1444 
2852 
6523 
8769 
9102 
7452 
4179 
0 
-4175 
-7437 
-9075 
-8734 
-6490 
-2835 
1434 
5387 
8162 
9156 
8154 
5376 
1430 
-2823 
-6458 
-8682 
-9012 
-7378 
-4138 
0 
4134 
7363 
8985 
8647 
6426 
2806 
-1420 
-5333 
-8081 
-9065 
-8073 
-5323 
-1415 
2795 
6394 
8595 
8922 
7304 
4097 
0 
-4092 
-7290 
-8895 
-8561 
-6362 
-2779 
1406 
5280 
8000 
8975 
7992 
5270 
1401 
-2767 
-6330 
-8510 
-8833 
-7232 
-4056 
0 
4052 
7217 
8807 
8476 
6298 
2751 
-1392 
-5228 
-7921 
-8885 
-7913 
-5217 
-1387 
2740 
6267 
8425 
8745 
7160 
4015 
0 
-4011 
-7145 
-8719 
-8391 
-6236 
-2723 
1378 
5176 
7842 
8797 
7834 
5165 
1374 
-2713 
-6205 
-8341 
-8658 
-7088 
-3975 
0 
3972 
7074 
8632 
8308 
6174 
2696 
-1364 
-5124 
-7764 
-8709 
-7756 
-5114 
-1360 
2686 
6143 
8258 
8572 
7018 
3936 
0 
-3932 
-7004 
-8546 
-8225 
-6112 
-2670 
1350 
5073 
7687 
8623 
7679 
5063 
1346 
-2659 
-6082 
-8176 
-8487 
-6948 
-3897 
0 
3893 
6934 
8461 
8143 
6051 
2643 
-1337 
-5023 
-7610 
-8537 
-7603 
-5013 
-1333 
2632 
6021 
8095 
8402 
6879 
3858 
0 
-3854 
-6865 
-8377 
-8062 
-5991 
-2617 
1324 
4973 
7534 
8452 
7527 
4963 
1320 
-2606 
-5961 
-8014 
-8319 
-6810 
-3820 
0 
3816 
6797 
8294 
7982 
5932 
2591 
-1311 
-4923 
-7459 
-8368 
-7452 
-4913 
-1307 
2580 
5902 
7934 
8236 
6743 
3782 
0 
-3778 
-6729 
-8211 
-7903 
-5873 
-2565 
1298 
4874 
7385 
8285 
7378 
4864 
1294 
-2555 
-5843 
-7855 
-8154 
-6675 
-3744 
0 
3740 
6662 
8130 
7824 
5814 
2539 
-1285 
-4826 
-7312 
-8202 
-7304 
-4816 
-1281 
2529 
5785 
7777 
8073 
6609 
3707 
0 
-3703 
-6596 
-8049 
-7746 
-5756 
-2514 
1272 
4778 
7239 
8120 
7232 
4768 
1268 
-2504 
-5728 
-7700 
-7992 
-6543 
-3670 
0 
3666 
6530 
7969 
7669 
5699 
2489 
-1259 
-4730 
-7167 
-8040 
-7160 
-4721 
-1255 
2479 
5671 
7623 
7913 
6478 
3633 
0 
-3630 
-6465 
-7889 
-7593 
-5642 
-2464 
1247 
4683 
7096 
7960 
7089 
4674 
1243 
-2454 
-5614 
-7547 
-7834 
-6414 
-3597 
0 
3594 
6401 
7811 
7517 
5586 
2440 
-1234 
-4636 
-7025 
-7880 
-7018 
-4627 
-1231 
2430 
5558 
7472 
7756 
6350 
3561 
0 
-3558 
-6337 
-7733 
-7442 
-5531 
-2415 
1222 
4590 
6955 
7802 
6948 
4581 
1218 
-2406 
-5503 
-7398 
-7679 
-6287 
-3526 
0 
3522 
6274 
7656 
7368 
5476 
2391 
-1210 
-4545 
-6886 
-7724 
-6879 
-4536 
-1206 
2382 
5448 
7324 
7603 
6224 
3491 
0 
-3487 
-6212 
-7580 
-7295 
-5421 
-2368 
1198 
4499 
6817 
7648 
6811 
4490 
1194 
-2358 
-5394 
-7251 
-7527 
-6162 
-3456 
0 
3453 
6150 
7504 
7223 
5367 
2344 
-1186 
-4455 
-6750 
-7571 
-6743 
-4446 
-1182 
2335 
5340 
7179 
7452 
6101 
3422 
0 
-3418 
-6089 
-7430 
-7151 
-5314 
-2321 
1174 
4410 
6682 
7496 
6676 
4401 
1170 
-2311 
-5287 
-7108 
-7378 
-6040 
-3388 
0 
3384 
6028 
7356 
7079 
5261 
2298 
-1162 
-4366 
-6616 
-7422 
-6609 
-4358 
-1159 
2288 
5235 
7037 
7305 
5980 
3354 
0 
-3351 
-5968 
-7283 
-7009 
-5208 
-2275 
1151 
4323 
6550 
7348 
6544 
4314 
1147 
-2266 
-5182 
-6967 
-7232 
-5921 
-3321 
0 
3317 
5909 
7210 
6939 
5157 
2252 
-1139 
-4280 
-6485 
-7275 
-6478 
-4271 
-1136 
2243 
5131 
6898 
7160 
5862 
3287 
0 
-3284 
-5850 
-7138 
-6870 
-5105 
-2230 
1128 
4237 
6420 
7202 
6414 
4229 
1125 
-2221 
-5080 
-6829 
-7089 
-5803 
-3255 
0 
3252 
5792 
7067 
6802 
5055 
2208 
-1117 
-4195 
-6356 
-7131 
-6350 
-4187 
-1113 
2199 
5029 
6761 
7018 
5746 
3222 
0 
-3219 
-5734 
-6997 
-6734 
-5004 
-2186 
1106 
4153 
6293 
7060 
6287 
4145 
1102 
-2177 
-4979 
-6694 
-6948 
-5688 
-3190 
0 
3187 
5677 
6927 
6667 
4954 
2164 
-1095 
-4112 
-6231 
-6989 
-6224 
-4104 
-1091 
2155 
4930 
6627 
6879 
5632 
3159 
0 
-3155 
-5621 
-6859 
-6601 
-4905 
-2142 
1084 
4071 
6169 
6920 
6162 
4063 
1080 
-2134 
-4881 
-6561 
-6811 
-5576 
-3127 
0 
3124 
5565 
6790 
6535 
4856 
2121 
-1073 
-4031 
-6107 
-6851 
-6101 
-4023 
-1070 
2112 
4832 
6496 
6743 
5520 
3096 
0 
-3093 
-5509 
-6723 
-6470 
-4808 
-2100 
1062 
3991 
6046 
6783 
6040 
3983 
1059 
-2091 
-4784 
-6431 
-6676 
-5465 
-3065 
0 
3062 
5454 
6656 
6406 
4760 
2079 
-1052 
-3951 
-5986 
-6715 
-5980 
-3943 
-1048 
2071 
4736 
6367 
6609 
5411 
3035 
0 
-3032 
-5400 
-6590 
-6342 
-4713 
-2058 
1041 
3912 
5927 
6648 
5921 
3904 
1038 
-2050 
-4689 
-6304 
-6544 
-5357 
-3004 
0 
3001 
5346 
6524 
6279 
4666 
2038 
-1031 
-3873 
-5868 
-6582 
-5862 
-3865 
-1028 
2030 
4643 
6241 
6478 
5304 
2975 
0 
-2972 
-5293 
-6459 
-6216 
-4619 
-2017 
1021 
3834 
5809 
6517 
5804 
3826 
1017 
-2009 
-4596 
-6179 
-6414 
-5251 
-2945 
0 
2942 
5241 
6395 
6155 
4573 
1997 
-1010 
-3796 
-5752 
-6452 
-5746 
-3788 
-1007 
1989 
4551 
6118 
6350 
5199 
2916 
0 
-2913 
-5188 
-6331 
-6093 
-4528 
-1978 
1000 
3758 
5694 
6388 
5689 
3751 
997 
-1970 
-4505 
-6057 
-6287 
-5147 
-2887 
0 
2884 
5137 
6268 
6033 
4483 
1958 
-990 
-3721 
-5638 
-6324 
-5632 
-3713 
-987 
1950 
4461 
5997 
6224 
5096 
2858 
0 
-2855 
-5086 
-6206 
-5973 
-4438 
-1938 
981 
3684 
5582 
6261 
5576 
3676 
978 
-1931 
-4416 
-5937 
-6163 
-5045 
-2829 
0 
2827 
5035 
6144 
5913 
4394 
1919 
-971 
-3647 
-5526 
-6199 
-5520 
-3640 
-968 
1911 
4372 
5878 
6101 
4995 
2801 
0 
-2799 
-4985 
-6083 
-5854 
-4350 
-1900 
961 
3611 
5471 
6137 
5466 
3604 
958 
-1892 
-4329 
-5819 
-6040 
-4945 
-2773 
0 
2771 
4935 
6022 
5796 
4307 
1881 
-952 
-3575 
-5417 
-6076 
-5411 
-3568 
-949 
1874 
4286 
5761 
5980 
4896 
2746 
0 
-2743 
-4886 
-5962 
-5738 
-4264 
-1862 
942 
3539 
5363 
6016 
5357 
3532 
939 
-1855 
-4243 
-5704 
-5921 
-4847 
-2719 
0 
2716 
4838 
5903 
5681 
4222 
1844 
-933 
-3504 
-5309 
-5956 
-5304 
-3497 
-930 
1836 
4201 
5647 
5862 
4799 
2691 
0 
-2689 
-4789 
-5844 
-5625 
-4180 
-1825 
923 
3469 
5256 
5897 
5251 
3462 
921 
-1818 
-4159 
-5591 
-5804 
-4751 
-2665 
0 
2662 
4742 
5786 
5569 
4138 
1807 
-914 
-3435 
-5204 
-5838 
-5199 
-3428 
-911 
1800 
4118 
5535 
5746 
4704 
2638 
0 
-2636 
-4695 
-5729 
-5513 
-4097 
-1789 
905 
3400 
5152 
5780 
5147 
3394 
902 
-1782 
-4077 
-5480 
-5689 
-4657 
-2612 
0 
2609 
4648 
5672 
5459 
4056 
1771 
-896 
-3367 
-5101 
-5722 
-5096 
-3360 
-893 
1764 
4036 
5426 
5632 
4611 
2586 
0 
-2583 
-4602 
-5615 
-5404 
-4016 
-1754 
887 
3333 
5050 
5665 
5045 
3326 
885 
-1747 
-3996 
-5372 
-5576 
-4565 
-2560 
0 
2558 
4556 
5559 
5350 
3976 
1736 
-878 
-3300 
-5000 
-5609 
-4995 
-3293 
-876 
1729 
3956 
5318 
5521 
4520 
2535 
0 
-2532 
-4510 
-5504 
-5297 
-3936 
-1719 
870 
3267 
4950 
5553 
4945 
3261 
867 
-1712 
-3917 
-5265 
-5466 
-4475 
-2509 
0 
2507 
4466 
5449 
5244 
3897 
1702 
-861 
-3235 
-4901 
-5498 
-4896 
-3228 
-858 
1695 
3878 
5213 
5411 
4430 
2485 
0 
-2482 
-4421 
-5395 
-5192 
-3858 
-1685 
852 
3202 
4852 
5443 
4847 
3196 
850 
-1678 
-3839 
-5161 
-5357 
-4386 
-2460 
0 
2457 
4377 
5341 
5141 
3820 
1668 
-844 
-3171 
-4804 
-5389 
-4799 
-3164 
-841 
1662 
3801 
5110 
5304 
4342 
2435 
0 
-2433 
-4334 
-5288 
-5089 
-3782 
-1652 
835 
3139 
4756 
5335 
4751 
3133 
833 
-1645 
-3763 
-5059 
-5251 
-4299 
-2411 
0 
2409 
4290 
5236 
5039 
3744 
1635 
-827 
-3108 
-4709 
-5282 
-4704 
-3102 
-825 
1629 
3726 
5009 
5199 
4256 
2387 
0 
-2385 
-4248 
-5183 
-4989 
-3707 
-1619 
819 
3077 
4662 
5230 
4657 
3071 
816 
-1612 
-3689 
-4959 
-5147 
-4214 
-2363 
0 
2361 
4206 
5132 
4939 
3670 
1603 
-811 
-3046 
-4616 
-5178 
-4611 
-3040 
-808 
1596 
3652 
4909 
5096 
4172 
2340 
0 
-2337 
-4164 
-5081 
-4890 
-3634 
-1587 
803 
3016 
4570 
5126 
4565 
3010 
800 
-1581 
-3616 
-4861 
-5045 
-4130 
-2317 
0 
2314 
4122 
5030 
4841 
3598 
1571 
-795 
-2986 
-4524 
-5075 
-4520 
-2980 
-792 
1565 
3580 
4812 
4995 
4089 
2293 
0 
-2291 
-4081 
-4980 
-4793 
-3562 
-1555 
787 
2956 
4479 
5025 
4475 
2950 
784 
-1549 
-3544 
-4764 
-4945 
-4049 
-2271 
0 
2268 
4041 
4931 
4745 
3526 
1540 
-779 
-2927 
-4435 
-4975 
-4430 
-2921 
-777 
1534 
3509 
4717 
4896 
4008 
2248 
0 
-2246 
-4000 
-4882 
-4698 
-3491 
-1525 
771 
2898 
4390 
4925 
4386 
2892 
769 
-1519 
-3474 
-4670 
-4847 
-3969 
-2226 
0 
2223 
3961 
4833 
4651 
3456 
1509 
-764 
-2869 
-4347 
-4876 
-4342 
-2863 
-761 
1503 
3439 
4624 
4799 
3929 
2203 
0 
-2201 
-3921 
-4785 
-4605 
-3422 
-1494 
756 
2840 
4304 
4828 
4299 
2835 
754 
-1488 
-3405 
-4578 
-4751 
-3890 
-2182 
0 
2179 
3882 
4737 
4559 
3388 
1480 
-748 
-2812 
-4261 
-4780 
-4256 
-2806 
-746 
1474 
3371 
4532 
4704 
3851 
2160 
0 
-2158 
-3844 
-4690 
-4514 
-3354 
-1465 
741 
2784 
4218 
4732 
4214 
2778 
739 
-1459 
-3338 
-4487 
-4657 
-3813 
-2138 
0 
2136 
3805 
4643 
4469 
3321 
1450 
-734 
-2756 
-4176 
-4685 
-4172 
-2751 
-731 
1444 
3304 
4442 
4611 
3775 
2117 
0 
-2115 
-3767 
-4597 
-4425 
-3288 
-1436 
726 
2729 
4135 
4638 
4131 
2723 
724 
-1430 
-3271 
-4398 
-4565 
-3737 
-2096 
0 
2094 
3730 
4551 
4380 
3255 
1422 
-719 
-2702 
-4094 
-4592 
-4090 
-2696 
-717 
1416 
3239 
4354 
4520 
3700 
2075 
0 
-2073 
-3693 
-4506 
-4337 
-3223 
-1407 
712 
2675 
4053 
4546 
4049 
2669 
710 
-1402 
-3207 
-4311 
-4475 
-3663 
-2054 
0 
2052 
3656 
4461 
4294 
3191 
1393 
-705 
-2648 
-4013 
-4501 
-4009 
-2643 
-703 
1388 
3175 
4268 
4430 
3627 
2034 
0 
-2032 
-3620 
-4417 
-4251 
-3159 
-1380 
698 
2622 
3973 
4456 
3969 
2617 
696 
-1374 
-3143 
-4226 
-4386 
-3591 
-2014 
0 
2012 
3584 
4373 
4209 
3127 
1366 
-691 
-2596 
-3933 
-4412 
-3929 
-2591 
-689 
1360 
3112 
4184 
4342 
3555 
1994 
0 
-1992 
-3548 
-4329 
-4167 
-3096 
-1352 
684 
2570 
3894 
4368 
3890 
2565 
682 
-1347 
-3081 
-4142 
-4299 
-3520 
-1974 
0 
1972 
3513 
4286 
4125 
3066 
1339 
-677 
-2544 
-3855 
-4325 
-3851 
-2539 
-675 
1333 
3050 
4101 
4256 
3485 
1954 
0 
-1952 
-3478 
-4244 
-4084 
-3035 
-1325 
670 
2519 
3817 
4282 
3813 
2514 
668 
-1320 
-3020 
-4060 
-4214 
-3450 
-1935 
0 
1933 
3443 
4202 
4044 
3005 
1312 
-664 
-2494 
-3779 
-4239 
-3775 
-2489 
-662 
1307 
2990 
4019 
4172 
3416 
1916 
0 
-1914 
-3409 
-4160 
-4003 
-2975 
-1299 
657 
2469 
3741 
4197 
3737 
2464 
655 
-1294 
-2960 
-3979 
-4131 
-3382 
-1896 
0 
1895 
3375 
4118 
3964 
2945 
1286 
-651 
-2445 
-3704 
-4155 
-3700 
-2440 
-649 
1281 
2931 
3940 
4090 
3348 
1878 
0 
-1876 
-3341 
-4077 
-3924 
-2916 
-1273 
644 
2420 
3667 
4114 
3663 
2415 
642 
-1268 
-2901 
-3901 
-4049 
-3315 
-1859 
0 
1857 
3308 
4037 
3885 
2887 
1261 
-638 
-2396 
-3631 
-4073 
-3627 
-2391 
-636 
1256 
2873 
3862 
4009 
3282 
1840 
0 
-1839 
-3275 
-3997 
-3846 
-2858 
-1248 
631 
2372 
3595 
4032 
3591 
2368 
629 
-1243 
-2844 
-3823 
-3969 
-3249 
-1822 
0 
1820 
3243 
3957 
3808 
2830 
1236 
-625 
-2349 
-3559 
-3992 
-3555 
-2344 
-623 
1231 
2816 
3785 
3929 
3217 
1804 
0 
-1802 
-3210 
-3917 
-3770 
-2802 
-1223 
619 
2325 
3523 
3952 
3520 
2321 
617 
-1219 
-2788 
-3748 
-3890 
-3185 
-1786 
0 
1784 
3178 
3878 
3733 
2774 
1211 
-613 
-2302 
-3488 
-3913 
-3485 
-2298 
-611 
1206 
2760 
3710 
3851 
3153 
1768 
0 
-1766 
-3147 
-3840 
-3696 
-2746 
-1199 
607 
2279 
3454 
3874 
3450 
2275 
605 
-1194 
-2732 
-3673 
-3813 
-3122 
-1751 
0 
1749 
3115 
3802 
3659 
2719 
1187 
-600 
-2257 
-3419 
-3836 
-3416 
-2252 
-599 
1183 
2705 
3637 
3775 
3091 
1733 
0 
-1731 
-3084 
-3764 
-3622 
-2692 
-1175 
595 
2234 
3385 
3797 
3382 
2230 
593 
-1171 
-2678 
-3601 
-3738 
-3060 
-1716 
0 
1714 
3054 
3726 
3586 
2665 
1164 
-589 
-2212 
-3351 
-3760 
-3348 
-2207 
-587 
1159 
2652 
3565 
3700 
3029 
1699 
0 
-1697 
-3023 
-3689 
-3551 
-2638 
-1152 
583 
2190 
3318 
3722 
3315 
2185 
581 
-1148 
-2625 
-3529 
-3664 
-2999 
-1682 
0 
1680 
2993 
3653 
3515 
2612 
1141 
-577 
-2168 
-3285 
-3685 
-3282 
-2164 
-575 
1136 
2599 
3494 
3627 
2969 
1665 
0 
-1664 
-2963 
-3616 
-3480 
-2586 
-1129 
571 
2146 
3252 
3648 
3249 
2142 
569 
-1125 
-2573 
-3460 
-3591 
-2940 
-1649 
0 
1647 
2934 
3580 
3446 
2560 
1118 
-565 
-2125 
-3220 
-3612 
-3217 
-2121 
-564 
1114 
2548 
3425 
3555 
2911 
1632 
0 
-1631 
-2905 
-3545 
-3411 
-2535 
-1107 
560 
2104 
3188 
3576 
3185 
2100 
558 
-1103 
-2522 
-3391 
-3520 
-2882 
-1616 
0 
1614 
2876 
3509 
3377 
2510 
1096 
-554 
-2083 
-3156 
-3541 
-3153 
-2079 
-553 
1092 
2497 
3357 
3485 
2853 
1600 
0 
-1598 
-2847 
-3474 
-3344 
-2485 
-1085 
549 
2062 
3125 
3505 
3122 
2058 
547 
-1081 
-2472 
-3324 
-3450 
-2825 
-1584 
0 
1582 
2819 
3440 
3311 
2460 
1074 
-543 
-2042 
-3094 
-3471 
-3091 
-2038 
-542 
1070 
2448 
3291 
3416 
2796 
1568 
0 
-1567 
-2791 
-3406 
-3278 
-2436 
-1064 
538 
2021 
3063 
3436 
3060 
2017 
536 
-1059 
-2423 
-3258 
-3382 
-2769 
-1553 
0 
1551 
2763 
3372 
3245 
2411 
1053 
-533 
-2001 
-3032 
-3402 
-3029 
-1997 
-531 
1049 
2399 
3226 
3348 
2741 
1537 
0 
-1536 
-2736 
-3338 
-3213 
-2387 
-1042 
527 
1981 
3002 
3368 
2999 
1977 
526 
-1038 
-2375 
-3193 
-3315 
-2714 
-1522 
0 
1520 
2708 
3305 
3181 
2364 
1032 
-522 
-1962 
-2972 
-3334 
-2969 
-1958 
-520 
1028 
2352 
3162 
3282 
2687 
1507 
0 
-1505 
-2681 
-3272 
-3149 
-2340 
-1022 
517 
1942 
2943 
3301 
2940 
1938 
515 
-1018 
-2328 
-3130 
-3249 
-2660 
-1492 
0 
1490 
2655 
3239 
3118 
2317 
1012 
-512 
-1923 
-2914 
-3268 
-2911 
-1919 
-510 
1008 
2305 
3099 
3217 
2634 
1477 
0 
-1475 
-2628 
-3207 
-3087 
-2294 
-1002 
507 
1904 
2885 
3236 
2882 
1900 
505 
-998 
-2282 
-3068 
-3185 
-2607 
-1462 
0 
1461 
2602 
3175 
3056 
2271 
992 
-501 
-1885 
-2856 
-3204 
-2853 
-1881 
-500 
988 
2260 
3038 
3153 
2581 
1448 
0 
-1446 
-2576 
-3144 
-3026 
-2248 
-982 
496 
1866 
2827 
3172 
2825 
1862 
495 
-978 
-2237 
-3007 
-3122 
-2556 
-1433 
0 
1432 
2551 
3112 
2995 
2226 
972 
-492 
-1847 
-2799 
-3140 
-2797 
-1844 
-490 
968 
2215 
2978 
3091 
2530 
1419 
0 
-1418 
-2525 
-3081 
-2966 
-2204 
-962 
487 
1829 
2771 
3109 
2769 
1825 
485 
-958 
-2193 
-2948 
-3060 
-2505 
-1405 
0 
1403 
2500 
3051 
2936 
2182 
953 
-482 
-1811 
-2744 
-3078 
-2741 
-1807 
-480 
949 
2171 
2919 
3030 
2480 
1391 
0 
-1389 
-2475 
-3020 
-2907 
-2160 
-943 
477 
1793 
2717 
3047 
2714 
1789 
476 
-939 
-2149 
-2890 
-2999 
-2455 
-1377 
0 
1376 
2451 
2990 
2878 
2139 
934 
-472 
-1775 
-2690 
-3017 
-2687 
-1771 
-471 
930 
2128 
2861 
2970 
2431 
1363 
0 
-1362 
-2426 
-2961 
-2849 
-2117 
-925 
468 
1757 
2663 
2987 
2660 
1754 
466 
-921 
-2107 
-2832 
-2940 
-2407 
-1350 
0 
1348 
2402 
2931 
2821 
2096 
915 
-463 
-1740 
-2636 
-2957 
-2634 
-1736 
-462 
912 
2086 
2804 
2911 
2383 
1336 
0 
-1335 
-2378 
-2902 
-2793 
-2075 
-906 
458 
1722 
2610 
2928 
2607 
1719 
457 
-903 
-2065 
-2776 
-2882 
-2359 
-1323 
0 
1322 
2354 
2873 
2765 
2055 
897 
-454 
-1705 
-2584 
-2899 
-2581 
-1702 
-452 
894 
2044 
2749 
2853 
2336 
1310 
0 
-1309 
-2331 
-2845 
-2738 
-2034 
-888 
449 
1688 
2558 
2870 
2556 
1685 
448 
-885 
-2024 
-2721 
-2825 
-2312 
-1297 
0 
1295 
2308 
2816 
2710 
2014 
879 
-445 
-1672 
-2533 
-2841 
-2530 
-1668 
-443 
876 
2004 
2694 
2797 
2289 
1284 
0 
-1283 
-2285 
-2788 
-2683 
-1994 
-871 
440 
1655 
2508 
2813 
2505 
1652 
439 
-867 
-1984 
-2667 
-2769 
-2267 
-1271 
0 
1270 
2262 
2760 
2657 
1974 
862 
-436 
-1638 
-2483 
-2785 
-2480 
-1635 
-435 
859 
1964 
2641 
2741 
2244 
1258 
0 
-1257 
-2240 
-2733 
-2630 
-1954 
-853 
432 
1622 
2458 
2757 
2456 
1619 
430 
-850 
-1945 
-2615 
-2714 
-2222 
-1246 
0 
1245 
2217 
2706 
2604 
1935 
845 
-427 
-1606 
-2434 
-2730 
-2431 
-1603 
-426 
842 
1925 
2588 
2687 
2200 
1234 
0 
-1232 
-2195 
-2679 
-2578 
-1916 
-837 
423 
1590 
2409 
2703 
2407 
1587 
422 
-833 
-1906 
-2563 
-2660 
-2178 
-1221 
0 
1220 
2173 
2652 
2553 
1897 
828 
-419 
-1574 
-2385 
-2676 
-2383 
-1571 
-418 
825 
1887 
2537 
2634 
2156 
1209 
0 
-1208 
-2152 
-2626 
-2527 
-1878 
-820 
415 
1559 
2362 
2649 
2359 
1555 
413 
-817 
-1868 
-2512 
-2607 
-2135 
-1197 
0 
1196 
2130 
2600 
2502 
1859 
812 
-410 
-1543 
-2338 
-2623 
-2336 
-1540 
-409 
809 
1850 
2487 
2582 
2113 
1185 
0 
-1184 
-2109 
-2574 
-2477 
-1841 
-804 
406 
1528 
2315 
2597 
2313 
1525 
405 
-800 
-1831 
-2462 
-2556 
-2092 
-1173 
0 
1172 
2088 
2548 
2452 
1822 
796 
-402 
-1512 
-2292 
-2571 
-2289 
-1509 
-401 
793 
1813 
2438 
2530 
2072 
1162 
0 
-1160 
-2067 
-2523 
-2428 
-1804 
-788 
398 
1497 
2269 
2545 
2267 
1494 
397 
-785 
-1795 
-2413 
-2505 
-2051 
-1150 
0 
1149 
2047 
2498 
2404 
1786 
780 
-394 
-1482 
-2246 
-2520 
-2244 
-1480 
-393 
777 
1777 
2389 
2480 
2030 
1139 
0 
-1138 
-2026 
-2473 
-2380 
-1768 
-772 
390 
1468 
2224 
2495 
2222 
1465 
389 
-769 
-1760 
-2366 
-2456 
-2010 
-1127 
0 
1126 
2006 
2448 
2356 
1751 
764 
-387 
-1453 
-2202 
-2470 
-2200 
-1450 
-385 
761 
1742 
2342 
2431 
1990 
1116 
0 
-1115 
-1986 
-2424 
-2333 
-1733 
-757 
383 
1439 
2180 
2445 
2178 
1436 
382 
-754 
-1725 
-2319 
-2407 
-1970 
-1105 
0 
1104 
1967 
2400 
2310 
1716 
749 
-379 
-1424 
-2158 
-2421 
-2156 
-1421 
-378 
746 
1708 
2296 
2383 
1951 
1094 
0 
-1093 
-1947 
-2376 
-2287 
-1699 
-742 
375 
1410 
2137 
2397 
2135 
1407 
374 
-739 
-1691 
-2273 
-2359 
-1931 
-1083 
0 
1082 
1928 
2352 
2264 
1682 
734 
-371 
-1396 
-2116 
-2373 
-2113 
-1393 
-370 
732 
1674 
2250 
2336 
1912 
1072 
0 
-1071 
-1908 
-2329 
-2241 
-1665 
-727 
368 
1382 
2094 
2350 
2092 
1379 
367 
-724 
-1657 
-2228 
-2313 
-1893 
-1062 
0 
1061 
1889 
2306 
2219 
1649 
720 
-364 
-1368 
-2074 
-2326 
-2072 
-1366 
-363 
717 
1641 
2206 
2290 
1874 
1051 
0 
-1050 
-1871 
-2283 
-2197 
-1632 
-713 
360 
1355 
2053 
2303 
2051 
1352 
359 
-710 
-1624 
-2184 
-2267 
-1856 
-1041 
0 
1040 
1852 
2260 
2175 
1616 
706 
-357 
-1341 
-2033 
-2280 
-2031 
-1339 
-356 
703 
1608 
2162 
2244 
1837 
1030 
0 
-1029 
-1834 
-2237 
-2153 
-1600 
-699 
353 
1328 
2012 
2257 
2010 
1325 
352 
-696 
-1592 
-2140 
-2222 
-1819 
-1020 
0 
1019 
1815 
2215 
2132 
1584 
692 
-350 
-1315 
-1992 
-2235 
-1990 
-1312 
-349 
689 
1576 
2119 
2200 
1801 
1010 
0 
-1009 
-1797 
-2193 
-2111 
-1568 
-685 
346 
1302 
1972 
2213 
1971 
1299 
345 
-682 
-1561 
-2098 
-2178 
-1783 
-1000 
0 
999 
1779 
2171 
2090 
1553 
678 
-343 
-1289 
-1953 
-2191 
-1951 
-1286 
-342 
675 
1545 
2077 
2156 
1765 
990 
0 
-989 
-1762 
-2150 
-2069 
-1537 
-671 
339 
1276 
1933 
2169 
1931 
1273 
338 
-669 
-1530 
-2057 
-2135 
-1748 
-980 
0 
979 
1744 
2128 
2048 
1522 
665 
-336 
-1263 
-1914 
-2147 
-1912 
-1261 
-335 
662 
1514 
2036 
2113 
1730 
970 
0 
-969 
-1727 
-2107 
-2028 
-1507 
-658 
333 
1251 
1895 
2126 
1893 
1248 
332 
-655 
-1499 
-2016 
-2092 
-1713 
-961 
0 
960 
1710 
2086 
2008 
1492 
651 
-329 
-1238 
-1876 
-2105 
-1874 
-1236 
-328 
649 
1484 
1996 
2072 
1696 
951 
0 
-950 
-1693 
-2065 
-1988 
-1477 
-645 
326 
1226 
1858 
2084 
1856 
1223 
325 
-642 
-1470 
-1976 
-2051 
-1679 
-942 
0 
941 
1676 
2045 
1968 
1462 
638 
-323 
-1214 
-1839 
-2063 
-1837 
-1211 
-322 
636 
1455 
1956 
2031 
1662 
932 
0 
-931 
-1659 
-2024 
-1948 
-1448 
-632 
320 
1202 
1821 
2043 
1819 
1199 
319 
-630 
-1441 
-1937 
-2010 
-1646 
-923 
0 
922 
1642 
2004 
1929 
1433 
626 
-316 
-1190 
-1803 
-2022 
-1801 
-1187 
-315 
623 
1426 
1917 
1990 
1629 
914 
0 
-913 
-1626 
-1984 
-1910 
-1419 
-620 
313 
1178 
1785 
2002 
1783 
1175 
312 
-617 
-1412 
-1898 
-1971 
-1613 
-905 
0 
904 
1610 
1965 
1891 
1405 
613 
-310 
-1166 
-1767 
-1982 
-1765 
-1164 
-309 
611 
1398 
1879 
1951 
1597 
896 
0 
-895 
-1594 
-1945 
-1872 
-1391 
-607 
307 
1154 
1749 
1962 
1748 
1152 
306 
-605 
-1384 
-1861 
-1932 
-1581 
-887 
0 
886 
1578 
1926 
1853 
1377 
601 
-304 
-1143 
-1732 
-1943 
-1730 
-1141 
-303 
599 
1370 
1842 
1912 
1565 
878 
0 
-877 
-1562 
-1907 
-1835 
-1363 
-595 
301 
1132 
1715 
1924 
1713 
1129 
300 
-593 
-1357 
-1824 
-1893 
-1550 
-869 
0 
868 
1547 
1888 
1817 
1350 
589 
-298 
-1120 
-1698 
-1904 
-1696 
-1118 
-297 
587 
1343 
1806 
1874 
1534 
860 
0 
-860 
-1531 
-1869 
-1799 
-1336 
-583 
295 
1109 
1681 
1885 
1679 
1107 
294 
-581 
-1330 
-1788 
-1856 
-1519 
-852 
0 
851 
1516 
1850 
1781 
1323 
578 
-292 
-1098 
-1664 
-1867 
-1662 
-1096 
-291 
575 
1317 
1770 
1837 
1504 
843 
0 
-843 
-1501 
-1832 
-1763 
-1310 
-572 
289 
1087 
1647 
1848 
1646 
1085 
288 
-570 
-1303 
-1752 
-1819 
-1489 
-835 
0 
834 
1486 
1814 
1745 
1297 
566 
-286 
-1076 
-1631 
-1830 
-1629 
-1074 
-285 
564 
1290 
1735 
1801 
1474 
827 
0 
-826 
-1471 
-1796 
-1728 
-1284 
-561 
283 
1066 
1615 
1812 
1613 
1064 
283 
-558 
-1278 
-1718 
-1783 
-1460 
-818 
0 
818 
1457 
1778 
1711 
1271 
555 
-281 
-1055 
-1599 
-1794 
-1597 
-1053 
-280 
553 
1265 
1701 
1765 
1445 
810 
0 
-809 
-1442 
-1760 
-1694 
-1259 
-549 
278 
1045 
1583 
1776 
1581 
1042 
277 
-547 
-1252 
-1684 
-1748 
-1431 
-802 
0 
801 
1428 
1742 
1677 
1246 
544 
-275 
-1034 
-1567 
-1758 
-1566 
-1032 
-274 
542 
1240 
1667 
1730 
1416 
794 
0 
-793 
-1414 
-1725 
-1660 
-1234 
-539 
272 
1024 
1552 
1740 
1550 
1022 
271 
-536 
-1227 
-1650 
-1713 
-1402 
-786 
0 
786 
1400 
1708 
1644 
1221 
533 
-270 
-1014 
-1536 
-1723 
-1535 
-1012 
-269 
531 
1215 
1634 
1696 
1388 
779 
0 
-778 
-1386 
-1691 
-1627 
-1209 
-528 
267 
1004 
1521 
1706 
1519 
1002 
266 
-526 
-1203 
-1618 
-1679 
-1375 
-771 
0 
770 
1372 
1674 
1611 
1197 
523 
-264 
-994 
-1506 
-1689 
-1504 
-992 
-263 
521 
1191 
1602 
1662 
1361 
763 
0 
-762 
-1358 
-1657 
-1595 
-1185 
-517 
262 
984 
1491 
1672 
1489 
982 
261 
-515 
-1179 
-1586 
-1646 
-1347 
-755 
0 
755 
1345 
1641 
1579 
1173 
512 
-259 
-974 
-1476 
-1656 
-1474 
-972 
-258 
510 
1168 
1570 
1629 
1334 
748 
0 
-747 
-1331 
-1625 
-1564 
-1162 
-507 
256 
964 
1461 
1639 
1460 
962 
256 
-505 
-1156 
-1554 
-1613 
-1321 
-741 
0 
740 
1318 
1608 
1548 
1150 
502 
-254 
-955 
-1447 
-1623 
-1445 
-953 
-253 
500 
1144 
1539 
1597 
1308 
733 
0 
-732 
-1305 
-1592 
-1533 
-1139 
-497 
251 
945 
1432 
1607 
1431 
943 
251 
-495 
-1133 
-1523 
-1581 
-1295 
-726 
0 
725 
1292 
1577 
1517 
1127 
492 
-249 
-936 
-1418 
-1591 
-1417 
-934 
-248 
490 
1122 
1508 
1566 
1282 
719 
0 
-718 
-1279 
-1561 
-1502 
-1116 
-487 
246 
926 
1404 
1575 
1402 
925 
246 
-485 
-1111 
-1493 
-1550 
-1269 
-711 
0 
711 
1266 
1545 
1487 
1105 
482 
-244 
-917 
-1390 
-1559 
-1388 
-915 
-243 
480 
1100 
1478 
1535 
1256 
704 
0 
-704 
-1254 
-1530 
-1472 
-1094 
-478 
241 
908 
1376 
1544 
1375 
906 
241 
-476 
-1089 
-1464 
-1519 
-1244 
-697 
0 
697 
1241 
1515 
1458 
1083 
473 
-239 
-899 
-1362 
-1528 
-1361 
-897 
-238 
471 
1078 
1449 
1504 
1231 
690 
0 
-690 
-1229 
-1500 
-1443 
-1072 
-468 
237 
890 
1349 
1513 
1347 
888 
236 
-466 
-1067 
-1435 
-1489 
-1219 
-684 
0 
683 
1217 
1485 
1429 
1062 
463 
-234 
-881 
-1335 
-1498 
-1334 
-879 
-234 
462 
1056 
1420 
1474 
1207 
677 
0 
-676 
-1205 
-1470 
-1415 
-1051 
-459 
232 
872 
1322 
1483 
1321 
871 
231 
-457 
-1046 
-1406 
-1460 
-1195 
-670 
0 
669 
1193 
1455 
1401 
1041 
454 
-230 
-864 
-1309 
-1468 
-1308 
-862 
-229 
452 
1036 
1392 
1445 
1183 
663 
0 
-663 
-1181 
-1441 
-1387 
-1030 
-450 
227 
855 
1296 
1454 
1295 
853 
227 
-448 
-1025 
-1378 
-1431 
-1171 
-657 
0 
656 
1169 
1426 
1373 
1020 
445 
-225 
-847 
-1283 
-1439 
-1282 
-845 
-224 
444 
1015 
1365 
1417 
1160 
650 
0 
-650 
-1157 
-1412 
-1359 
-1010 
-441 
223 
838 
1270 
1425 
1269 
836 
222 
-439 
-1005 
-1351 
-1402 
-1148 
-644 
0 
643 
1146 
1398 
1346 
1000 
436 
-221 
-830 
-1258 
-1411 
-1256 
-828 
-220 
435 
995 
1338 
1388 
1137 
637 
0 
-637 
-1134 
-1384 
-1332 
-990 
-432 
218 
822 
1245 
1397 
1244 
820 
218 
-430 
-985 
-1324 
-1375 
-1125 
-631 
0 
630 
1123 
1371 
1319 
980 
428 
-216 
-813 
-1233 
-1383 
-1231 
-812 
-216 
426 
975 
1311 
1361 
1114 
625 
0 
-624 
-1112 
-1357 
-1306 
-970 
-424 
214 
805 
1220 
1369 
1219 
804 
213 
-422 
-965 
-1298 
-1347 
-1103 
-618 
0 
618 
1101 
1343 
1293 
961 
419 
-212 
-797 
-1208 
-1355 
-1207 
-796 
-211 
418 
956 
1285 
1334 
1092 
612 
0 
-612 
-1090 
-1330 
-1280 
-951 
-415 
210 
789 
1196 
1342 
1195 
788 
209 
-413 
-946 
-1272 
-1321 
-1081 
-606 
0 
606 
1079 
1317 
1267 
942 
411 
-208 
-781 
-1184 
-1329 
-1183 
-780 
-207 
409 
937 
1260 
1308 
1070 
600 
0 
-600 
-1068 
-1304 
-1255 
-932 
-407 
206 
774 
1172 
1315 
1171 
772 
205 
-405 
-928 
-1247 
-1295 
-1060 
-594 
0 
594 
1058 
1291 
1242 
923 
403 
-204 
-766 
-1161 
-1302 
-1160 
-764 
-203 
401 
918 
1235 
1282 
1049 
588 
0 
-588 
-1047 
-1278 
-1230 
-914 
-399 
202 
758 
1149 
1289 
1148 
757 
201 
-397 
-909 
-1222 
-1269 
-1039 
-582 
0 
582 
1037 
1265 
1218 
905 
395 
-200 
-751 
-1138 
-1276 
-1137 
-749 
-199 
393 
900 
1210 
1256 
1028 
577 
0 
-576 
-1026 
-1253 
-1205 
-896 
-391 
198 
743 
1126 
1264 
1125 
742 
197 
-389 
-891 
-1198 
-1244 
-1018 
-571 
0 
570 
1016 
1240 
1193 
887 
387 
-196 
-736 
-1115 
-1251 
-1114 
-734 
-195 
386 
882 
1186 
1231 
1008 
565 
0 
-565 
-1006 
-1228 
-1182 
-878 
-383 
194 
729 
1104 
1239 
1103 
727 
193 
-382 
-874 
-1175 
-1219 
-998 
-560 
0 
559 
996 
1215 
1170 
869 
379 
-192 
-721 
-1093 
-1226 
-1092 
-720 
-191 
378 
865 
1163 
1207 
988 
554 
0 
-553 
-986 
-1203 
-1158 
-861 
-376 
190 
714 
1082 
1214 
1081 
713 
189 
-374 
-856 
-1151 
-1195 
-978 
-548 
0 
548 
976 
1191 
1147 
852 
372 
-188 
-707 
-1072 
-1202 
-1070 
-706 
-187 
370 
848 
1140 
1183 
969 
543 
0 
-542 
-967 
-1180 
-1135 
-843 
-368 
186 
700 
1061 
1190 
1060 
699 
185 
-367 
-839 
-1128 
-1171 
-959 
-538 
0 
537 
957 
1168 
1124 
835 
364 
-184 
-693 
-1050 
-1178 
-1049 
-692 
-184 
363 
831 
1117 
1160 
949 
532 
0 
-532 
-947 
-1156 
-1113 
-827 
-361 
182 
686 
1040 
1167 
1039 
685 
182 
-359 
-823 
-1106 
-1148 
-940 
-527 
0 
526 
938 
1145 
1102 
819 
357 
-181 
-679 
-1029 
-1155 
-1028 
-678 
-180 
356 
814 
1095 
1137 
931 
522 
0 
-521 
-929 
-1133 
-1091 
-810 
-354 
179 
673 
1019 
1143 
1018 
671 
178 
-352 
-806 
-1084 
-1125 
-921 
-516 
0 
516 
919 
1122 
1080 
802 
350 
-177 
-666 
-1009 
-1132 
-1008 
-665 
-176 
349 
798 
1073 
1114 
912 
511 
0 
-511 
-910 
-1111 
-1069 
-794 
-347 
175 
659 
999 
1121 
998 
658 
175 
-345 
-790 
-1063 
-1103 
-903 
-506 
0 
506 
901 
1100 
1058 
786 
343 
-173 
-653 
-989 
-1110 
-988 
-651 
-173 
342 
783 
1052 
1092 
894 
501 
0 
-501 
-892 
-1089 
-1048 
-779 
-340 
172 
646 
979 
1099 
978 
645 
171 
-338 
-775 
-1042 
-1081 
-885 
-496 
0 
496 
883 
1078 
1037 
771 
336 
-170 
-640 
-970 
-1088 
-969 
-638 
-169 
335 
767 
1031 
1070 
876 
491 
0 
-491 
-875 
-1067 
-1027 
-763 
-333 
168 
633 
960 
1077 
959 
632 
168 
-332 
-759 
-1021 
-1060 
-868 
-486 
0 
486 
866 
1057 
1017 
756 
330 
-167 
-627 
-950 
-1066 
-949 
-626 
-166 
328 
752 
1011 
1049 
859 
482 
0 
-481 
-857 
-1046 
-1007 
-748 
-326 
165 
621 
941 
1055 
940 
620 
164 
-325 
-744 
-1001 
-1039 
-850 
-477 
0 
476 
849 
1036 
997 
741 
323 
-163 
-615 
-931 
-1045 
-931 
-613 
-163 
322 
737 
991 
1028 
842 
472 
0 
-472 
-840 
-1025 
-987 
-733 
-320 
162 
608 
922 
1035 
921 
607 
161 
-319 
-730 
-981 
-1018 
-834 
-467 
0 
467 
832 
1015 
977 
726 
317 
-160 
-602 
-913 
-1024 
-912 
-601 
-160 
316 
722 
971 
1008 
825 
463 
0 
-462 
-824 
-1005 
-967 
-719 
-314 
158 
596 
904 
1014 
903 
595 
158 
-312 
-715 
-962 
-998 
-817 
-458 
0 
458 
815 
995 
958 
712 
311 
-157 
-590 
-895 
-1004 
-894 
-589 
-156 
309 
708 
952 
988 
809 
453 
0 
-453 
-807 
-985 
-948 
-704 
-307 
155 
585 
886 
994 
885 
583 
155 
-306 
-701 
-942 
-978 
-801 
-449 
0 
449 
799 
975 
939 
697 
304 
-154 
-579 
-877 
-984 
-876 
-578 
-153 
303 
694 
933 
969 
793 
444 
0 
-444 
-791 
-966 
-929 
-690 
-301 
152 
573 
868 
974 
868 
572 
152 
-300 
-687 
-924 
-959 
-785 
-440 
0 
440 
783 
956 
920 
684 
298 
-151 
-567 
-860 
-965 
-859 
-566 
-150 
297 
680 
915 
949 
777 
436 
0 
-435 
-776 
-947 
-911 
-677 
-295 
149 
562 
851 
955 
850 
561 
149 
-294 
-673 
-905 
-940 
-769 
-431 
0 
431 
768 
937 
902 
670 
292 
-148 
-556 
-843 
-945 
-842 
-555 
-147 
291 
667 
896 
931 
762 
427 
0 
-427 
-760 
-928 
-893 
-663 
-289 
146 
551 
834 
936 
834 
549 
146 
-288 
-660 
-888 
-921 
-754 
-423 
0 
422 
753 
919 
884 
657 
287 
-145 
-545 
-826 
-927 
-825 
-544 
-144 
285 
654 
879 
912 
747 
419 
0 
-418 
-745 
-909 
-875 
-650 
-284 
143 
540 
818 
918 
817 
539 
143 
-283 
-647 
-870 
-903 
-739 
-414 
0 
414 
738 
900 
866 
644 
281 
-142 
-534 
-810 
-908 
-809 
-533 
-141 
280 
641 
861 
894 
732 
410 
0 
-410 
-730 
-891 
-858 
-637 
-278 
140 
529 
802 
899 
801 
528 
140 
-277 
-634 
-853 
-885 
-725 
-406 
0 
406 
723 
882 
849 
631 
275 
-139 
-524 
-794 
-890 
-793 
-523 
-139 
274 
628 
844 
876 
717 
402 
0 
-402 
-716 
-874 
-841 
-625 
-273 
138 
518 
786 
882 
785 
517 
137 
-272 
-622 
-836 
-868 
-710 
-398 
0 
398 
709 
865 
832 
619 
270 
-136 
-513 
-778 
-873 
-777 
-512 
-136 
269 
615 
828 
859 
703 
394 
0 
-394 
-702 
-856 
-824 
-612 
-267 
135 
508 
770 
864 
769 
507 
135 
-266 
-609 
-819 
-850 
-696 
-390 
0 
390 
695 
848 
816 
606 
265 
-134 
-503 
-763 
-855 
-762 
-502 
-133 
263 
603 
811 
842 
689 
386 
0 
-386 
-688 
-839 
-808 
-600 
-262 
132 
498 
755 
847 
754 
497 
132 
-261 
-597 
-803 
-834 
-682 
-382 
0 
382 
681 
831 
800 
594 
259 
-131 
-493 
-747 
-838 
-747 
-492 
-131 
258 
591 
795 
825 
676 
379 
0 
-378 
-674 
-823 
-792 
-588 
-257 
130 
488 
740 
830 
739 
487 
129 
-256 
-585 
-787 
-817 
-669 
-375 
0 
375 
667 
815 
784 
582 
254 
-128 
-483 
-733 
-822 
-732 
-482 
-128 
253 
580 
779 
809 
662 
371 
0 
-371 
-661 
-806 
-776 
-577 
-252 
127 
479 
725 
814 
725 
478 
127 
-251 
-574 
-772 
-801 
-656 
-367 
0 
367 
654 
798 
768 
571 
249 
-126 
-474 
-718 
-806 
-717 
-473 
-125 
248 
568 
764 
793 
649 
364 
0 
-363 
-648 
-791 
-761 
-565 
-247 
125 
469 
711 
798 
710 
468 
124 
-246 
-562 
-756 
-785 
-643 
-360 
0 
360 
641 
783 
753 
560 
244 
-123 
-464 
-704 
-790 
-703 
-463 
-123 
243 
557 
749 
777 
636 
357 
0 
-356 
-635 
-775 
-746 
-554 
-242 
122 
460 
697 
782 
696 
459 
122 
-241 
-551 
-741 
-769 
-630 
-353 
0 
353 
629 
767 
738 
549 
239 
-121 
-455 
-690 
-774 
-689 
-454 
-120 
238 
546 
734 
762 
624 
350 
0 
-349 
-622 
-760 
-731 
-543 
-237 
120 
451 
683 
766 
682 
450 
119 
-236 
-540 
-727 
-754 
-617 
-346 
0 
346 
616 
752 
724 
538 
235 
-118 
-446 
-676 
-759 
-676 
-445 
-118 
234 
535 
719 
747 
611 
343 
0 
-342 
-610 
-744 
-716 
-532 
-232 
117 
442 
670 
751 
669 
441 
117 
-231 
-530 
-712 
-739 
-605 
-339 
0 
339 
604 
737 
709 
527 
230 
-116 
-437 
-663 
-744 
-662 
-436 
-116 
229 
524 
705 
732 
599 
336 
0 
-335 
-598 
-730 
-702 
-522 
-228 
115 
433 
656 
736 
656 
432 
115 
-227 
-519 
-698 
-725 
-593 
-332 
0 
332 
592 
722 
695 
517 
225 
-114 
-429 
-650 
-729 
-649 
-428 
-113 
224 
514 
691 
717 
587 
329 
0 
-329 
-586 
-715 
-688 
-511 
-223 
113 
424 
643 
722 
643 
424 
112 
-222 
-509 
-684 
-710 
-581 
-326 
0 
326 
580 
708 
681 
506 
221 
-112 
-420 
-637 
-714 
-636 
-419 
-111 
220 
504 
677 
703 
576 
323 
0 
-322 
-574 
-701 
-675 
-501 
-219 
110 
416 
630 
707 
630 
415 
110 
-218 
-499 
-671 
-696 
-570 
-319 
0 
319 
569 
694 
668 
496 
216 
-109 
-412 
-624 
-700 
-624 
-411 
-109 
216 
494 
664 
689 
564 
316 
0 
-316 
-563 
-687 
-661 
-491 
-214 
108 
408 
618 
693 
617 
407 
108 
-213 
-489 
-657 
-682 
-559 
-313 
0 
313 
557 
680 
655 
486 
212 
-107 
-404 
-612 
-686 
-611 
-403 
-107 
211 
484 
651 
676 
553 
310 
0 
-310 
-552 
-674 
-648 
-482 
-210 
106 
400 
606 
680 
605 
399 
106 
-209 
-479 
-644 
-669 
-547 
-307 
0 
307 
546 
667 
642 
477 
208 
-105 
-396 
-600 
-673 
-599 
-395 
-105 
207 
474 
638 
662 
542 
304 
0 
-304 
-541 
-660 
-635 
-472 
-206 
104 
392 
594 
666 
593 
391 
104 
-205 
-470 
-632 
-656 
-537 
-301 
0 
300 
536 
654 
629 
467 
204 
-103 
-388 
-588 
-659 
-587 
-387 
-103 
203 
465 
625 
649 
531 
298 
0 
-297 
-530 
-647 
-623 
-463 
-202 
102 
384 
582 
653 
581 
383 
102 
-201 
-460 
-619 
-643 
-526 
-295 
0 
295 
525 
641 
617 
458 
200 
-101 
-380 
-576 
-646 
-576 
-379 
-101 
199 
456 
613 
636 
521 
292 
0 
-292 
-520 
-634 
-610 
-454 
-198 
100 
376 
570 
640 
570 
376 
100 
-197 
-451 
-607 
-630 
-516 
-289 
0 
289 
515 
628 
604 
449 
196 
-99 
-373 
-565 
-634 
-564 
-372 
-99 
195 
447 
601 
624 
510 
286 
0 
-286 
-509 
-622 
-598 
-445 
-194 
98 
369 
559 
627 
559 
368 
98 
-193 
-442 
-595 
-617 
-505 
-283 
0 
283 
504 
616 
592 
440 
192 
-97 
-365 
-554 
-621 
-553 
-364 
-97 
191 
438 
589 
611 
500 
280 
0 
-280 
-499 
-609 
-587 
-436 
-190 
96 
362 
548 
615 
548 
361 
96 
-189 
-434 
-583 
-605 
-495 
-278 
0 
277 
494 
603 
581 
431 
188 
-95 
-358 
-543 
-609 
-542 
-357 
-95 
187 
429 
577 
599 
490 
275 
0 
-275 
-489 
-597 
-575 
-427 
-186 
94 
354 
537 
603 
537 
354 
94 
-186 
-425 
-571 
-593 
-486 
-272 
